43462086
-3095919
21822
20202505
-31107286
39872293
-40045079
22432546
-1369769
-41117167
18102009
47281112
17681032
29245645
41255076
24691594
-30603155
282328
49444702
29662039
17120006
-19296332
9205353
-19990535
31454982
-34057272
-16211177
4760609
-28049138
-46122685
-2661001
9754711
47851129
-7913144
-1811372
-42360761
3650479
20239451
-17327592
-46476230
8828249
37217039
29546588
-27416161
16604277
44535913
-44231733
17895985
23627731
12650139
-1948602
-48786965
-42587782
-38609126
-17801942
32531505
13413813
-28973628
11948003
12857582
-1589615
-41542592
21032650
-31745943
-25123652
45462706
-49504568
13480717
8797494
27700677
27614146
-16053511
-35457162
18828992
-39832481
2193026
49317138
-32609096
23411277
-35856682
15514438
-11951657
-11853215
15147689
3480162
48491758
12173721
-9310463
-39088571
-44237576
-8008891
25709218
-11998769
-11534310
-22860628
42509059
-30121679
-11930825
-9068920
-4155801
32725067
15444666
48462466
-39690236
7331950
19191829
-10062742
-28434509
3272797
-48380848
-8702862
-3652696
46519520
-23266479
45971481
-2414672
36259315
12816459
41503266
-39081776
43559005
9565524
28311319
584733
36425616
-414073
40593246
33978789
-23586476
24974556
16241410
-20637897
41392229
6476891
19149219
-6889314
-4388718
10214896
8329138
37891886
-308781
31048939
41844442